UU^(T):
(6><6)
 [      1.0000000000000002,   -2.42861286636753e-16,   8.326672684688674e-17,   2.498001805406602e-16,   8.326672684688674e-17, -4.3021142204224816e-16
 ,   -2.42861286636753e-16,      0.9999999999999996,   2.914335439641036e-16,  3.3306690738754696e-16, -1.3877787807814457e-16,  -2.220446049250313e-16
 ,   8.326672684688674e-17,   2.914335439641036e-16,      0.9999999999999996,  -1.942890293094024e-16,  -5.551115123125783e-17, -1.3877787807814457e-16
 ,   2.498001805406602e-16,  3.3306690738754696e-16,  -1.942890293094024e-16,      0.9999999999999999,  -1.942890293094024e-16, -2.7755575615628914e-17
 ,   8.326672684688674e-17, -1.3877787807814457e-16,  -5.551115123125783e-17,  -1.942890293094024e-16,      0.9999999999999998,  -5.551115123125783e-17
 , -4.3021142204224816e-16,  -2.220446049250313e-16, -1.3877787807814457e-16, -2.7755575615628914e-17,  -5.551115123125783e-17,      0.9999999999999998 ]
UΛU^(T):
(6><6)
 [ 2.0000000005550502,  3.000000000118989,  4.000000000397828,  5.000000000897514,  6.000000001126158,  7.000000001151419
 , 3.0000000001189897,  7.999999998378736,  8.999999998270548,  9.999999998806883, 10.999999998976872, 11.999999998836927
 ,  4.000000000397829,  8.999999998270546, 12.999999998285308, 13.999999999116447, 14.999999999413635, 15.999999999271559
 ,  5.000000000897514,   9.99999999880688, 13.999999999116445, 17.000000000285556,  18.00000000075705, 19.000000000675605
 ,  6.000000001126158, 10.999999998976868, 14.999999999413635,  18.00000000075705, 20.000000001313847, 21.000000001253483
 ,   7.00000000115142, 11.999999998836927, 15.999999999271557, 19.000000000675605, 21.000000001253483, 22.000000001181437 ]
